81 145
81 144
81 143
82 142
83 142
83 141
83 140
83 139
83 138
83 137
83 136
83 135
83 134
83 133
83 132
83 131
83 130
83 129
83 128
83 127
83 126
83 125
83 124
83 123
84 122
84 121
84 120
84 119
84 118
84 117
85 116
85 115
85 114
85 113
85 112
85 111
85 110
85 109
85 108
85 107
85 106
85 105
85 104
85 103
85 102
85 101
85 100
85 99
85 98
85 97
85 96
85 95
85 94
85 93
85 92
84 91
84 90
83 89
83 88
83 87
83 86
82 85
82 84
82 83
82 82
82 81
81 80
80 79
80 78
80 77
80 76
80 75
79 75
78 74
78 73
78 72
78 71
78 70
78 69
78 68
77 67
77 66
76 65
76 64
75 63
75 62
75 61
74 60
73 59
73 58
72 57
72 56
72 55
72 54
71 53
71 52
70 51
70 50
70 49
69 49
68 48
69 47
68 46
67 45
67 44
66 43
65 43
64 42
64 41
63 40
63 39
63 38
63 37
62 36
61 35
61 34
60 34
59 33
58 32
57 31
56 30
56 29
55 28
54 27
53 26
52 25
51 24
50 24
49 23
48 22
47 21
46 21
45 20
45 19
45 18
44 17
43 17
42 16
41 16
40 15
40 14
39 13
39 12
38 12
37 11
36 10
35 9
34 9
33 8
32 8
31 7
30 6
29 5
28 4
28 3
27 2
26 2
25 1
24 1
23 1
